R0 = 42242* 10^3;
G = 6.6732*1e-11;
M = 5.9736*1e24;
T = 86400;
mu = G*M;
w0 = 2*pi/T;
m = 1;          %masa statku

